H,1,1,1
H,1,2,1
H,1,3,1
H,1,4,1
H,1,5,1
H,1,6,1
H,1,7,1
He,2,3,1
He,2,4,1
He,2,5,1
He,2,6,1
He,2,7,1
He,2,8,1
He,2,9,1
He,2,10,1
Li,3,3,1
Li,3,4,1
Li,3,5,1
Li,3,6,1
Li,3,7,1
Li,3,8,1
Li,3,9,1
Li,3,10,1
Li,3,11,1
Li,3,12,1
Li,3,13,1
Be,4,5,1
Be,4,6,1
Be,4,7,1
Be,4,8,1
Be,4,9,1
Be,4,10,1
Be,4,11,1
Be,4,12,1
Be,4,13,1
Be,4,14,1
Be,4,15,1
Be,4,16,1
B,5,6,1
B,5,7,1
B,5,8,1
B,5,9,1
B,5,10,1
B,5,11,1
B,5,12,1
B,5,13,1
B,5,14,1
B,5,15,1
B,5,16,1
B,5,17,1
B,5,18,1
B,5,19,1
B,5,20,1
B,5,21,1
C,6,8,1
C,6,9,1
C,6,10,1
C,6,11,1
C,6,12,1
C,6,13,1
C,6,14,1
C,6,15,1
C,6,16,1
C,6,17,1
C,6,18,1
C,6,19,1
C,6,20,1
C,6,21,1
C,6,22,1
C,6,23,1
N,7,10,1
N,7,11,1
N,7,12,1
N,7,13,1
N,7,14,1
N,7,15,1
N,7,16,1
N,7,17,1
N,7,18,1
N,7,19,1
N,7,20,1
N,7,21,1
N,7,22,1
N,7,23,1
N,7,24,1
N,7,25,1
O,8,12,1
O,8,13,1
O,8,14,1
O,8,15,1
O,8,16,1
O,8,17,1
O,8,18,1
O,8,19,1
O,8,20,1
O,8,21,1
O,8,22,1
O,8,23,1
O,8,24,1
O,8,25,1
O,8,26,1
O,8,27,1
O,8,28,1
F,9,14,1
F,9,15,1
F,9,16,1
F,9,17,1
F,9,18,1
F,9,19,1
F,9,20,1
F,9,21,1
F,9,22,1
F,9,23,1
F,9,24,1
F,9,25,1
F,9,26,1
F,9,27,1
F,9,28,1
F,9,29,1
F,9,30,1
F,9,31,1
Ne,10,15,1
Ne,10,16,1
Ne,10,17,1
Ne,10,18,1
Ne,10,19,1
Ne,10,20,1
Ne,10,21,1
Ne,10,22,1
Ne,10,23,1
Ne,10,24,1
Ne,10,25,1
Ne,10,26,1
Ne,10,27,1
Ne,10,28,1
Ne,10,29,1
Ne,10,30,1
Ne,10,31,1
Ne,10,32,1
Ne,10,33,1
Ne,10,34,1
Na,11,17,1
Na,11,18,1
Na,11,19,1
Na,11,20,1
Na,11,21,1
Na,11,22,1
Na,11,23,1
Na,11,24,1
Na,11,25,1
Na,11,26,1
Na,11,27,1
Na,11,28,1
Na,11,29,1
Na,11,30,1
Na,11,31,1
Na,11,32,1
Na,11,33,1
Na,11,34,1
Na,11,35,1
Na,11,36,1
Na,11,37,1
Mg,12,19,1
Mg,12,20,1
Mg,12,21,1
Mg,12,22,1
Mg,12,23,1
Mg,12,24,1
Mg,12,25,1
Mg,12,26,1
Mg,12,27,1
Mg,12,28,1
Mg,12,29,1
Mg,12,30,1
Mg,12,31,1
Mg,12,32,1
Mg,12,33,1
Mg,12,34,1
Mg,12,35,1
Mg,12,36,1
Mg,12,37,1
Mg,12,38,1
Mg,12,39,1
Mg,12,40,1
Al,13,21,1
Al,13,22,1
Al,13,23,1
Al,13,24,1
Al,13,25,1
Al,13,26,1
Al,13,27,1
Al,13,28,1
Al,13,29,1
Al,13,30,1
Al,13,31,1
Al,13,32,1
Al,13,33,1
Al,13,34,1
Al,13,35,1
Al,13,36,1
Al,13,37,1
Al,13,38,1
Al,13,39,1
Al,13,40,1
Al,13,41,1
Al,13,42,1
Al,13,43,1
Si,14,22,1
Si,14,23,1
Si,14,24,1
Si,14,25,1
Si,14,26,1
Si,14,27,1
Si,14,28,1
Si,14,29,1
Si,14,30,1
Si,14,31,1
Si,14,32,1
Si,14,33,1
Si,14,34,1
Si,14,35,1
Si,14,36,1
Si,14,37,1
Si,14,38,1
Si,14,39,1
Si,14,40,1
Si,14,41,1
Si,14,42,1
Si,14,43,1
Si,14,44,1
Si,14,45,1
P,15,24,1
P,15,25,1
P,15,26,1
P,15,27,1
P,15,28,1
P,15,29,1
P,15,30,1
P,15,31,1
P,15,32,1
P,15,33,1
P,15,34,1
P,15,35,1
P,15,36,1
P,15,37,1
P,15,38,1
P,15,39,1
P,15,40,1
P,15,41,1
P,15,42,1
P,15,43,1
P,15,44,1
P,15,45,1
P,15,46,1
P,15,47,1
S,16,26,1
S,16,27,1
S,16,28,1
S,16,29,1
S,16,30,1
S,16,31,1
S,16,32,1
S,16,33,1
S,16,34,1
S,16,35,1
S,16,36,1
S,16,37,1
S,16,38,1
S,16,39,1
S,16,40,1
S,16,41,1
S,16,42,1
S,16,43,1
S,16,44,1
S,16,45,1
S,16,46,1
S,16,47,1
S,16,48,1
S,16,49,1
Cl,17,28,1
Cl,17,29,1
Cl,17,30,1
Cl,17,31,1
Cl,17,32,1
Cl,17,33,1
Cl,17,34,1
Cl,17,35,1
Cl,17,36,1
Cl,17,37,1
Cl,17,38,1
Cl,17,39,1
Cl,17,40,1
Cl,17,41,1
Cl,17,42,1
Cl,17,43,1
Cl,17,44,1
Cl,17,45,1
Cl,17,46,1
Cl,17,47,1
Cl,17,48,1
Cl,17,49,1
Cl,17,50,1
Cl,17,51,1
Ar,18,30,1
Ar,18,31,1
Ar,18,32,1
Ar,18,33,1
Ar,18,34,1
Ar,18,35,1
Ar,18,36,1
Ar,18,37,1
Ar,18,38,1
Ar,18,39,1
Ar,18,40,1
Ar,18,41,1
Ar,18,42,1
Ar,18,43,1
Ar,18,44,1
Ar,18,45,1
Ar,18,46,1
Ar,18,47,1
Ar,18,48,1
Ar,18,49,1
Ar,18,50,1
Ar,18,51,1
Ar,18,52,1
Ar,18,53,1
K,19,32,1
K,19,33,1
K,19,34,1
K,19,35,1
K,19,36,1
K,19,37,1
K,19,38,1
K,19,39,1
K,19,40,1
K,19,41,1
K,19,42,1
K,19,43,1
K,19,44,1
K,19,45,1
K,19,46,1
K,19,47,1
K,19,48,1
K,19,49,1
K,19,50,1
K,19,51,1
K,19,52,1
K,19,53,1
K,19,54,1
K,19,55,1
K,19,56,1
Ca,20,34,1
Ca,20,35,1
Ca,20,36,1
Ca,20,37,1
Ca,20,38,1
Ca,20,39,1
Ca,20,40,1
Ca,20,41,1
Ca,20,42,1
Ca,20,43,1
Ca,20,44,1
Ca,20,45,1
Ca,20,46,1
Ca,20,47,1
Ca,20,48,1
Ca,20,49,1
Ca,20,50,1
Ca,20,51,1
Ca,20,52,1
Ca,20,53,1
Ca,20,54,1
Ca,20,55,1
Ca,20,56,1
Ca,20,57,1
Ca,20,58,1
Sc,21,36,1
Sc,21,37,1
Sc,21,38,1
Sc,21,39,1
Sc,21,40,1
Sc,21,41,1
Sc,21,42,1
Sc,21,43,1
Sc,21,44,1
Sc,21,45,1
Sc,21,46,1
Sc,21,47,1
Sc,21,48,1
Sc,21,49,1
Sc,21,50,1
Sc,21,51,1
Sc,21,52,1
Sc,21,53,1
Sc,21,54,1
Sc,21,55,1
Sc,21,56,1
Sc,21,57,1
Sc,21,58,1
Sc,21,59,1
Sc,21,60,1
Sc,21,61,1
Ti,22,38,1
Ti,22,39,1
Ti,22,40,1
Ti,22,41,1
Ti,22,42,1
Ti,22,43,1
Ti,22,44,1
Ti,22,45,1
Ti,22,46,1
Ti,22,47,1
Ti,22,48,1
Ti,22,49,1
Ti,22,50,1
Ti,22,51,1
Ti,22,52,1
Ti,22,53,1
Ti,22,54,1
Ti,22,55,1
Ti,22,56,1
Ti,22,57,1
Ti,22,58,1
Ti,22,59,1
Ti,22,60,1
Ti,22,61,1
Ti,22,62,1
Ti,22,63,1
Ti,22,64,1
V,23,40,1
V,23,41,1
V,23,42,1
V,23,43,1
V,23,44,1
V,23,45,1
V,23,46,1
V,23,47,1
V,23,48,1
V,23,49,1
V,23,50,1
V,23,51,1
V,23,52,1
V,23,53,1
V,23,54,1
V,23,55,1
V,23,56,1
V,23,57,1
V,23,58,1
V,23,59,1
V,23,60,1
V,23,61,1
V,23,62,1
V,23,63,1
V,23,64,1
V,23,65,1
V,23,66,1
V,23,67,1
Cr,24,42,1
Cr,24,43,1
Cr,24,44,1
Cr,24,45,1
Cr,24,46,1
Cr,24,47,1
Cr,24,48,1
Cr,24,49,1
Cr,24,50,1
Cr,24,51,1
Cr,24,52,1
Cr,24,53,1
Cr,24,54,1
Cr,24,55,1
Cr,24,56,1
Cr,24,57,1
Cr,24,58,1
Cr,24,59,1
Cr,24,60,1
Cr,24,61,1
Cr,24,62,1
Cr,24,63,1
Cr,24,64,1
Cr,24,65,1
Cr,24,66,1
Cr,24,67,1
Cr,24,68,1
Cr,24,69,1
Cr,24,70,1
Mn,25,44,1
Mn,25,45,1
Mn,25,46,1
Mn,25,47,1
Mn,25,48,1
Mn,25,49,1
Mn,25,50,1
Mn,25,51,1
Mn,25,52,1
Mn,25,53,1
Mn,25,54,1
Mn,25,55,1
Mn,25,56,1
Mn,25,57,1
Mn,25,58,1
Mn,25,59,1
Mn,25,60,1
Mn,25,61,1
Mn,25,62,1
Mn,25,63,1
Mn,25,64,1
Mn,25,65,1
Mn,25,66,1
Mn,25,67,1
Mn,25,68,1
Mn,25,69,1
Mn,25,70,1
Mn,25,71,1
Mn,25,72,1
Fe,26,45,1
Fe,26,46,1
Fe,26,47,1
Fe,26,48,1
Fe,26,49,1
Fe,26,50,1
Fe,26,51,1
Fe,26,52,1
Fe,26,53,1
Fe,26,54,1
Fe,26,55,1
Fe,26,56,1
Fe,26,57,1
Fe,26,58,1
Fe,26,59,1
Fe,26,60,1
Fe,26,61,1
Fe,26,62,1
Fe,26,63,1
Fe,26,64,1
Fe,26,65,1
Fe,26,66,1
Fe,26,67,1
Fe,26,68,1
Fe,26,69,1
Fe,26,70,1
Fe,26,71,1
Fe,26,72,1
Fe,26,73,1
Fe,26,74,1
Fe,26,75,1
Co,27,47,1
Co,27,48,1
Co,27,49,1
Co,27,50,1
Co,27,51,1
Co,27,52,1
Co,27,53,1
Co,27,54,1
Co,27,55,1
Co,27,56,1
Co,27,57,1
Co,27,58,1
Co,27,59,1
Co,27,60,1
Co,27,61,1
Co,27,62,1
Co,27,63,1
Co,27,64,1
Co,27,65,1
Co,27,66,1
Co,27,67,1
Co,27,68,1
Co,27,69,1
Co,27,70,1
Co,27,71,1
Co,27,72,1
Co,27,73,1
Co,27,74,1
Co,27,75,1
Co,27,76,1
Co,27,77,1
Ni,28,48,1
Ni,28,49,1
Ni,28,50,1
Ni,28,51,1
Ni,28,52,1
Ni,28,53,1
Ni,28,54,1
Ni,28,55,1
Ni,28,56,1
Ni,28,57,1
Ni,28,58,1
Ni,28,59,1
Ni,28,60,1
Ni,28,61,1
Ni,28,62,1
Ni,28,63,1
Ni,28,64,1
Ni,28,65,1
Ni,28,66,1
Ni,28,67,1
Ni,28,68,1
Ni,28,69,1
Ni,28,70,1
Ni,28,71,1
Ni,28,72,1
Ni,28,73,1
Ni,28,74,1
Ni,28,75,1
Ni,28,76,1
Ni,28,77,1
Ni,28,78,1
Ni,28,79,1
Ni,28,80,1
Cu,29,52,1
Cu,29,53,1
Cu,29,54,1
Cu,29,55,1
Cu,29,56,1
Cu,29,57,1
Cu,29,58,1
Cu,29,59,1
Cu,29,60,1
Cu,29,61,1
Cu,29,62,1
Cu,29,63,1
Cu,29,64,1
Cu,29,65,1
Cu,29,66,1
Cu,29,67,1
Cu,29,68,1
Cu,29,69,1
Cu,29,70,1
Cu,29,71,1
Cu,29,72,1
Cu,29,73,1
Cu,29,74,1
Cu,29,75,1
Cu,29,76,1
Cu,29,77,1
Cu,29,78,1
Cu,29,79,1
Cu,29,80,1
Cu,29,81,1
Cu,29,82,1
Zn,30,54,1
Zn,30,55,1
Zn,30,56,1
Zn,30,57,1
Zn,30,58,1
Zn,30,59,1
Zn,30,60,1
Zn,30,61,1
Zn,30,62,1
Zn,30,63,1
Zn,30,64,1
Zn,30,65,1
Zn,30,66,1
Zn,30,67,1
Zn,30,68,1
Zn,30,69,1
Zn,30,70,1
Zn,30,71,1
Zn,30,72,1
Zn,30,73,1
Zn,30,74,1
Zn,30,75,1
Zn,30,76,1
Zn,30,77,1
Zn,30,78,1
Zn,30,79,1
Zn,30,80,1
Zn,30,81,1
Zn,30,82,1
Zn,30,83,1
Zn,30,84,1
Zn,30,85,1
Ga,31,56,1
Ga,31,57,1
Ga,31,58,1
Ga,31,59,1
Ga,31,60,1
Ga,31,61,1
Ga,31,62,1
Ga,31,63,1
Ga,31,64,1
Ga,31,65,1
Ga,31,66,1
Ga,31,67,1
Ga,31,68,1
Ga,31,69,1
Ga,31,70,1
Ga,31,71,1
Ga,31,72,1
Ga,31,73,1
Ga,31,74,1
Ga,31,75,1
Ga,31,76,1
Ga,31,77,1
Ga,31,78,1
Ga,31,79,1
Ga,31,80,1
Ga,31,81,1
Ga,31,82,1
Ga,31,83,1
Ga,31,84,1
Ga,31,85,1
Ga,31,86,1
Ga,31,87,1
Ge,32,58,1
Ge,32,59,1
Ge,32,60,1
Ge,32,61,1
Ge,32,62,1
Ge,32,63,1
Ge,32,64,1
Ge,32,65,1
Ge,32,66,1
Ge,32,67,1
Ge,32,68,1
Ge,32,69,1
Ge,32,70,1
Ge,32,71,1
Ge,32,72,1
Ge,32,73,1
Ge,32,74,1
Ge,32,75,1
Ge,32,76,1
Ge,32,77,1
Ge,32,78,1
Ge,32,79,1
Ge,32,80,1
Ge,32,81,1
Ge,32,82,1
Ge,32,83,1
Ge,32,84,1
Ge,32,85,1
Ge,32,86,1
Ge,32,87,1
Ge,32,88,1
Ge,32,89,1
Ge,32,90,1
As,33,60,1
As,33,61,1
As,33,62,1
As,33,63,1
As,33,64,1
As,33,65,1
As,33,66,1
As,33,67,1
As,33,68,1
As,33,69,1
As,33,70,1
As,33,71,1
As,33,72,1
As,33,73,1
As,33,74,1
As,33,75,1
As,33,76,1
As,33,77,1
As,33,78,1
As,33,79,1
As,33,80,1
As,33,81,1
As,33,82,1
As,33,83,1
As,33,84,1
As,33,85,1
As,33,86,1
As,33,87,1
As,33,88,1
As,33,89,1
As,33,90,1
As,33,91,1
As,33,92,1
Se,34,64,1
Se,34,65,1
Se,34,66,1
Se,34,67,1
Se,34,68,1
Se,34,69,1
Se,34,70,1
Se,34,71,1
Se,34,72,1
Se,34,73,1
Se,34,74,1
Se,34,75,1
Se,34,76,1
Se,34,77,1
Se,34,78,1
Se,34,79,1
Se,34,80,1
Se,34,81,1
Se,34,82,1
Se,34,83,1
Se,34,84,1
Se,34,85,1
Se,34,86,1
Se,34,87,1
Se,34,88,1
Se,34,89,1
Se,34,90,1
Se,34,91,1
Se,34,92,1
Se,34,93,1
Se,34,94,1
Se,34,95,1
Br,35,67,1
Br,35,68,1
Br,35,69,1
Br,35,70,1
Br,35,71,1
Br,35,72,1
Br,35,73,1
Br,35,74,1
Br,35,75,1
Br,35,76,1
Br,35,77,1
Br,35,78,1
Br,35,79,1
Br,35,80,1
Br,35,81,1
Br,35,82,1
Br,35,83,1
Br,35,84,1
Br,35,85,1
Br,35,86,1
Br,35,87,1
Br,35,88,1
Br,35,89,1
Br,35,90,1
Br,35,91,1
Br,35,92,1
Br,35,93,1
Br,35,94,1
Br,35,95,1
Br,35,96,1
Br,35,97,1
Br,35,98,1
Kr,36,69,1
Kr,36,70,1
Kr,36,71,1
Kr,36,72,1
Kr,36,73,1
Kr,36,74,1
Kr,36,75,1
Kr,36,76,1
Kr,36,77,1
Kr,36,78,1
Kr,36,79,1
Kr,36,80,1
Kr,36,81,1
Kr,36,82,1
Kr,36,83,1
Kr,36,84,1
Kr,36,85,1
Kr,36,86,1
Kr,36,87,1
Kr,36,88,1
Kr,36,89,1
Kr,36,90,1
Kr,36,91,1
Kr,36,92,1
Kr,36,93,1
Kr,36,94,1
Kr,36,95,1
Kr,36,96,1
Kr,36,97,1
Kr,36,98,1
Kr,36,99,1
Kr,36,100,1
Kr,36,101,1
Rb,37,71,1
Rb,37,72,1
Rb,37,73,1
Rb,37,74,1
Rb,37,75,1
Rb,37,76,1
Rb,37,77,1
Rb,37,78,1
Rb,37,79,1
Rb,37,80,1
Rb,37,81,1
Rb,37,82,1
Rb,37,83,1
Rb,37,84,1
Rb,37,85,1
Rb,37,86,1
Rb,37,87,1
Rb,37,88,1
Rb,37,89,1
Rb,37,90,1
Rb,37,91,1
Rb,37,92,1
Rb,37,93,1
Rb,37,94,1
Rb,37,95,1
Rb,37,96,1
Rb,37,97,1
Rb,37,98,1
Rb,37,99,1
Rb,37,100,1
Rb,37,101,1
Rb,37,102,1
Rb,37,103,1
Sr,38,73,1
Sr,38,74,1
Sr,38,75,1
Sr,38,76,1
Sr,38,77,1
Sr,38,78,1
Sr,38,79,1
Sr,38,80,1
Sr,38,81,1
Sr,38,82,1
Sr,38,83,1
Sr,38,84,1
Sr,38,85,1
Sr,38,86,1
Sr,38,87,1
Sr,38,88,1
Sr,38,89,1
Sr,38,90,1
Sr,38,91,1
Sr,38,92,1
Sr,38,93,1
Sr,38,94,1
Sr,38,95,1
Sr,38,96,1
Sr,38,97,1
Sr,38,98,1
Sr,38,99,1
Sr,38,100,1
Sr,38,101,1
Sr,38,102,1
Sr,38,103,1
Sr,38,104,1
Sr,38,105,1
Sr,38,106,1
Sr,38,107,1
Y,39,75,1
Y,39,76,1
Y,39,77,1
Y,39,78,1
Y,39,79,1
Y,39,80,1
Y,39,81,1
Y,39,82,1
Y,39,83,1
Y,39,84,1
Y,39,85,1
Y,39,86,1
Y,39,87,1
Y,39,88,1
Y,39,89,1
Y,39,90,1
Y,39,91,1
Y,39,92,1
Y,39,93,1
Y,39,94,1
Y,39,95,1
Y,39,96,1
Y,39,97,1
Y,39,98,1
Y,39,99,1
Y,39,100,1
Y,39,101,1
Y,39,102,1
Y,39,103,1
Y,39,104,1
Y,39,105,1
Y,39,106,1
Y,39,107,1
Y,39,108,1
Y,39,109,1
Zr,40,77,1
Zr,40,78,1
Zr,40,79,1
Zr,40,80,1
Zr,40,81,1
Zr,40,82,1
Zr,40,83,1
Zr,40,84,1
Zr,40,85,1
Zr,40,86,1
Zr,40,87,1
Zr,40,88,1
Zr,40,89,1
Zr,40,90,1
Zr,40,91,1
Zr,40,92,1
Zr,40,93,1
Zr,40,94,1
Zr,40,95,1
Zr,40,96,1
Zr,40,97,1
Zr,40,98,1
Zr,40,99,1
Zr,40,100,1
Zr,40,101,1
Zr,40,102,1
Zr,40,103,1
Zr,40,104,1
Zr,40,105,1
Zr,40,106,1
Zr,40,107,1
Zr,40,108,1
Zr,40,109,1
Zr,40,110,1
Zr,40,111,1
Zr,40,112,1
Nb,41,79,1
Nb,41,80,1
Nb,41,81,1
Nb,41,82,1
Nb,41,83,1
Nb,41,84,1
Nb,41,85,1
Nb,41,86,1
Nb,41,87,1
Nb,41,88,1
Nb,41,89,1
Nb,41,90,1
Nb,41,91,1
Nb,41,92,1
Nb,41,93,1
Nb,41,94,1
Nb,41,95,1
Nb,41,96,1
Nb,41,97,1
Nb,41,98,1
Nb,41,99,1
Nb,41,100,1
Nb,41,101,1
Nb,41,102,1
Nb,41,103,1
Nb,41,104,1
Nb,41,105,1
Nb,41,106,1
Nb,41,107,1
Nb,41,108,1
Nb,41,109,1
Nb,41,110,1
Nb,41,111,1
Nb,41,112,1
Nb,41,113,1
Nb,41,114,1
Nb,41,115,1
Mo,42,81,1
Mo,42,82,1
Mo,42,83,1
Mo,42,84,1
Mo,42,85,1
Mo,42,86,1
Mo,42,87,1
Mo,42,88,1
Mo,42,89,1
Mo,42,90,1
Mo,42,91,1
Mo,42,92,1
Mo,42,93,1
Mo,42,94,1
Mo,42,95,1
Mo,42,96,1
Mo,42,97,1
Mo,42,98,1
Mo,42,99,1
Mo,42,100,1
Mo,42,101,1
Mo,42,102,1
Mo,42,103,1
Mo,42,104,1
Mo,42,105,1
Mo,42,106,1
Mo,42,107,1
Mo,42,108,1
Mo,42,109,1
Mo,42,110,1
Mo,42,111,1
Mo,42,112,1
Mo,42,113,1
Mo,42,114,1
Mo,42,115,1
Mo,42,116,1
Mo,42,117,1
Mo,42,118,1
Tc,43,83,1
Tc,43,84,1
Tc,43,85,1
Tc,43,86,1
Tc,43,87,1
Tc,43,88,1
Tc,43,89,1
Tc,43,90,1
Tc,43,91,1
Tc,43,92,1
Tc,43,93,1
Tc,43,94,1
Tc,43,95,1
Tc,43,96,1
Tc,43,97,1
Tc,43,98,1
Tc,43,99,1
Tc,43,100,1
Tc,43,101,1
Tc,43,102,1
Tc,43,103,1
Tc,43,104,1
Tc,43,105,1
Tc,43,106,1
Tc,43,107,1
Tc,43,108,1
Tc,43,109,1
Tc,43,110,1
Tc,43,111,1
Tc,43,112,1
Tc,43,113,1
Tc,43,114,1
Tc,43,115,1
Tc,43,116,1
Tc,43,117,1
Tc,43,118,1
Tc,43,119,1
Tc,43,120,1
Tc,43,121,1
Ru,44,85,1
Ru,44,86,1
Ru,44,87,1
Ru,44,88,1
Ru,44,89,1
Ru,44,90,1
Ru,44,91,1
Ru,44,92,1
Ru,44,93,1
Ru,44,94,1
Ru,44,95,1
Ru,44,96,1
Ru,44,97,1
Ru,44,98,1
Ru,44,99,1
Ru,44,100,1
Ru,44,101,1
Ru,44,102,1
Ru,44,103,1
Ru,44,104,1
Ru,44,105,1
Ru,44,106,1
Ru,44,107,1
Ru,44,108,1
Ru,44,109,1
Ru,44,110,1
Ru,44,111,1
Ru,44,112,1
Ru,44,113,1
Ru,44,114,1
Ru,44,115,1
Ru,44,116,1
Ru,44,117,1
Ru,44,118,1
Ru,44,119,1
Ru,44,120,1
Ru,44,121,1
Ru,44,122,1
Ru,44,123,1
Ru,44,124,1
Rh,45,88,1
Rh,45,89,1
Rh,45,90,1
Rh,45,91,1
Rh,45,92,1
Rh,45,93,1
Rh,45,94,1
Rh,45,95,1
Rh,45,96,1
Rh,45,97,1
Rh,45,98,1
Rh,45,99,1
Rh,45,100,1
Rh,45,101,1
Rh,45,102,1
Rh,45,103,1
Rh,45,104,1
Rh,45,105,1
Rh,45,106,1
Rh,45,107,1
Rh,45,108,1
Rh,45,109,1
Rh,45,110,1
Rh,45,111,1
Rh,45,112,1
Rh,45,113,1
Rh,45,114,1
Rh,45,115,1
Rh,45,116,1
Rh,45,117,1
Rh,45,118,1
Rh,45,119,1
Rh,45,120,1
Rh,45,121,1
Rh,45,122,1
Rh,45,123,1
Rh,45,124,1
Rh,45,125,1
Rh,45,126,1
Rh,45,127,1
Pd,46,90,1
Pd,46,91,1
Pd,46,92,1
Pd,46,93,1
Pd,46,94,1
Pd,46,95,1
Pd,46,96,1
Pd,46,97,1
Pd,46,98,1
Pd,46,99,1
Pd,46,100,1
Pd,46,101,1
Pd,46,102,1
Pd,46,103,1
Pd,46,104,1
Pd,46,105,1
Pd,46,106,1
Pd,46,107,1
Pd,46,108,1
Pd,46,109,1
Pd,46,110,1
Pd,46,111,1
Pd,46,112,1
Pd,46,113,1
Pd,46,114,1
Pd,46,115,1
Pd,46,116,1
Pd,46,117,1
Pd,46,118,1
Pd,46,119,1
Pd,46,120,1
Pd,46,121,1
Pd,46,122,1
Pd,46,123,1
Pd,46,124,1
Pd,46,125,1
Pd,46,126,1
Pd,46,127,1
Pd,46,128,1
Pd,46,129,1
Ag,47,92,1
Ag,47,93,1
Ag,47,94,1
Ag,47,95,1
Ag,47,96,1
Ag,47,97,1
Ag,47,98,1
Ag,47,99,1
Ag,47,100,1
Ag,47,101,1
Ag,47,102,1
Ag,47,103,1
Ag,47,104,1
Ag,47,105,1
Ag,47,106,1
Ag,47,107,1
Ag,47,108,1
Ag,47,109,1
Ag,47,110,1
Ag,47,111,1
Ag,47,112,1
Ag,47,113,1
Ag,47,114,1
Ag,47,115,1
Ag,47,116,1
Ag,47,117,1
Ag,47,118,1
Ag,47,119,1
Ag,47,120,1
Ag,47,121,1
Ag,47,122,1
Ag,47,123,1
Ag,47,124,1
Ag,47,125,1
Ag,47,126,1
Ag,47,127,1
Ag,47,128,1
Ag,47,129,1
Ag,47,130,1
Ag,47,131,1
Ag,47,132,1
Cd,48,94,1
Cd,48,95,1
Cd,48,96,1
Cd,48,97,1
Cd,48,98,1
Cd,48,99,1
Cd,48,100,1
Cd,48,101,1
Cd,48,102,1
Cd,48,103,1
Cd,48,104,1
Cd,48,105,1
Cd,48,106,1
Cd,48,107,1
Cd,48,108,1
Cd,48,109,1
Cd,48,110,1
Cd,48,111,1
Cd,48,112,1
Cd,48,113,1
Cd,48,114,1
Cd,48,115,1
Cd,48,116,1
Cd,48,117,1
Cd,48,118,1
Cd,48,119,1
Cd,48,120,1
Cd,48,121,1
Cd,48,122,1
Cd,48,123,1
Cd,48,124,1
Cd,48,125,1
Cd,48,126,1
Cd,48,127,1
Cd,48,128,1
Cd,48,129,1
Cd,48,130,1
Cd,48,131,1
Cd,48,132,1
Cd,48,133,1
Cd,48,134,1
In,49,96,1
In,49,97,1
In,49,98,1
In,49,99,1
In,49,100,1
In,49,101,1
In,49,102,1
In,49,103,1
In,49,104,1
In,49,105,1
In,49,106,1
In,49,107,1
In,49,108,1
In,49,109,1
In,49,110,1
In,49,111,1
In,49,112,1
In,49,113,1
In,49,114,1
In,49,115,1
In,49,116,1
In,49,117,1
In,49,118,1
In,49,119,1
In,49,120,1
In,49,121,1
In,49,122,1
In,49,123,1
In,49,124,1
In,49,125,1
In,49,126,1
In,49,127,1
In,49,128,1
In,49,129,1
In,49,130,1
In,49,131,1
In,49,132,1
In,49,133,1
In,49,134,1
In,49,135,1
In,49,136,1
In,49,137,1
Sn,50,99,1
Sn,50,100,1
Sn,50,101,1
Sn,50,102,1
Sn,50,103,1
Sn,50,104,1
Sn,50,105,1
Sn,50,106,1
Sn,50,107,1
Sn,50,108,1
Sn,50,109,1
Sn,50,110,1
Sn,50,111,1
Sn,50,112,1
Sn,50,113,1
Sn,50,114,1
Sn,50,115,1
Sn,50,116,1
Sn,50,117,1
Sn,50,118,1
Sn,50,119,1
Sn,50,120,1
Sn,50,121,1
Sn,50,122,1
Sn,50,123,1
Sn,50,124,1
Sn,50,125,1
Sn,50,126,1
Sn,50,127,1
Sn,50,128,1
Sn,50,129,1
Sn,50,130,1
Sn,50,131,1
Sn,50,132,1
Sn,50,133,1
Sn,50,134,1
Sn,50,135,1
Sn,50,136,1
Sn,50,137,1
Sn,50,138,1
Sn,50,139,1
Sb,51,103,1
Sb,51,104,1
Sb,51,105,1
Sb,51,106,1
Sb,51,107,1
Sb,51,108,1
Sb,51,109,1
Sb,51,110,1
Sb,51,111,1
Sb,51,112,1
Sb,51,113,1
Sb,51,114,1
Sb,51,115,1
Sb,51,116,1
Sb,51,117,1
Sb,51,118,1
Sb,51,119,1
Sb,51,120,1
Sb,51,121,1
Sb,51,122,1
Sb,51,123,1
Sb,51,124,1
Sb,51,125,1
Sb,51,126,1
Sb,51,127,1
Sb,51,128,1
Sb,51,129,1
Sb,51,130,1
Sb,51,131,1
Sb,51,132,1
Sb,51,133,1
Sb,51,134,1
Sb,51,135,1
Sb,51,136,1
Sb,51,137,1
Sb,51,138,1
Sb,51,139,1
Sb,51,140,1
Sb,51,141,1
Te,52,105,1
Te,52,106,1
Te,52,107,1
Te,52,108,1
Te,52,109,1
Te,52,110,1
Te,52,111,1
Te,52,112,1
Te,52,113,1
Te,52,114,1
Te,52,115,1
Te,52,116,1
Te,52,117,1
Te,52,118,1
Te,52,119,1
Te,52,120,1
Te,52,121,1
Te,52,122,1
Te,52,123,1
Te,52,124,1
Te,52,125,1
Te,52,126,1
Te,52,127,1
Te,52,128,1
Te,52,129,1
Te,52,130,1
Te,52,131,1
Te,52,132,1
Te,52,133,1
Te,52,134,1
Te,52,135,1
Te,52,136,1
Te,52,137,1
Te,52,138,1
Te,52,139,1
Te,52,140,1
Te,52,141,1
Te,52,142,1
Te,52,143,1
I,53,107,1
I,53,108,1
I,53,109,1
I,53,110,1
I,53,111,1
I,53,112,1
I,53,113,1
I,53,114,1
I,53,115,1
I,53,116,1
I,53,117,1
I,53,118,1
I,53,119,1
I,53,120,1
I,53,121,1
I,53,122,1
I,53,123,1
I,53,124,1
I,53,125,1
I,53,126,1
I,53,127,1
I,53,128,1
I,53,129,1
I,53,130,1
I,53,131,1
I,53,132,1
I,53,133,1
I,53,134,1
I,53,135,1
I,53,136,1
I,53,137,1
I,53,138,1
I,53,139,1
I,53,140,1
I,53,141,1
I,53,142,1
I,53,143,1
I,53,144,1
I,53,145,1
Xe,54,109,1
Xe,54,110,1
Xe,54,111,1
Xe,54,112,1
Xe,54,113,1
Xe,54,114,1
Xe,54,115,1
Xe,54,116,1
Xe,54,117,1
Xe,54,118,1
Xe,54,119,1
Xe,54,120,1
Xe,54,121,1
Xe,54,122,1
Xe,54,123,1
Xe,54,124,1
Xe,54,125,1
Xe,54,126,1
Xe,54,127,1
Xe,54,128,1
Xe,54,129,1
Xe,54,130,1
Xe,54,131,1
Xe,54,132,1
Xe,54,133,1
Xe,54,134,1
Xe,54,135,1
Xe,54,136,1
Xe,54,137,1
Xe,54,138,1
Xe,54,139,1
Xe,54,140,1
Xe,54,141,1
Xe,54,142,1
Xe,54,143,1
Xe,54,144,1
Xe,54,145,1
Xe,54,146,1
Xe,54,147,1
Xe,54,148,1
Cs,55,111,1
Cs,55,112,1
Cs,55,113,1
Cs,55,114,1
Cs,55,115,1
Cs,55,116,1
Cs,55,117,1
Cs,55,118,1
Cs,55,119,1
Cs,55,120,1
Cs,55,121,1
Cs,55,122,1
Cs,55,123,1
Cs,55,124,1
Cs,55,125,1
Cs,55,126,1
Cs,55,127,1
Cs,55,128,1
Cs,55,129,1
Cs,55,130,1
Cs,55,131,1
Cs,55,132,1
Cs,55,133,1
Cs,55,134,1
Cs,55,135,1
Cs,55,136,1
Cs,55,137,1
Cs,55,138,1
Cs,55,139,1
Cs,55,140,1
Cs,55,141,1
Cs,55,142,1
Cs,55,143,1
Cs,55,144,1
Cs,55,145,1
Cs,55,146,1
Cs,55,147,1
Cs,55,148,1
Cs,55,149,1
Cs,55,150,1
Cs,55,151,1
Cs,55,152,1
Ba,56,113,1
Ba,56,114,1
Ba,56,115,1
Ba,56,116,1
Ba,56,117,1
Ba,56,118,1
Ba,56,119,1
Ba,56,120,1
Ba,56,121,1
Ba,56,122,1
Ba,56,123,1
Ba,56,124,1
Ba,56,125,1
Ba,56,126,1
Ba,56,127,1
Ba,56,128,1
Ba,56,129,1
Ba,56,130,1
Ba,56,131,1
Ba,56,132,1
Ba,56,133,1
Ba,56,134,1
Ba,56,135,1
Ba,56,136,1
Ba,56,137,1
Ba,56,138,1
Ba,56,139,1
Ba,56,140,1
Ba,56,141,1
Ba,56,142,1
Ba,56,143,1
Ba,56,144,1
Ba,56,145,1
Ba,56,146,1
Ba,56,147,1
Ba,56,148,1
Ba,56,149,1
Ba,56,150,1
Ba,56,151,1
Ba,56,152,1
Ba,56,153,1
Ba,56,154,1
La,57,116,1
La,57,117,1
La,57,118,1
La,57,119,1
La,57,120,1
La,57,121,1
La,57,122,1
La,57,123,1
La,57,124,1
La,57,125,1
La,57,126,1
La,57,127,1
La,57,128,1
La,57,129,1
La,57,130,1
La,57,131,1
La,57,132,1
La,57,133,1
La,57,134,1
La,57,135,1
La,57,136,1
La,57,137,1
La,57,138,1
La,57,139,1
La,57,140,1
La,57,141,1
La,57,142,1
La,57,143,1
La,57,144,1
La,57,145,1
La,57,146,1
La,57,147,1
La,57,148,1
La,57,149,1
La,57,150,1
La,57,151,1
La,57,152,1
La,57,153,1
La,57,154,1
La,57,155,1
La,57,156,1
Ce,58,119,1
Ce,58,120,1
Ce,58,121,1
Ce,58,122,1
Ce,58,123,1
Ce,58,124,1
Ce,58,125,1
Ce,58,126,1
Ce,58,127,1
Ce,58,128,1
Ce,58,129,1
Ce,58,130,1
Ce,58,131,1
Ce,58,132,1
Ce,58,133,1
Ce,58,134,1
Ce,58,135,1
Ce,58,136,1
Ce,58,137,1
Ce,58,138,1
Ce,58,139,1
Ce,58,140,1
Ce,58,141,1
Ce,58,142,1
Ce,58,143,1
Ce,58,144,1
Ce,58,145,1
Ce,58,146,1
Ce,58,147,1
Ce,58,148,1
Ce,58,149,1
Ce,58,150,1
Ce,58,151,1
Ce,58,152,1
Ce,58,153,1
Ce,58,154,1
Ce,58,155,1
Ce,58,156,1
Ce,58,157,1
Ce,58,158,1
Pr,59,121,1
Pr,59,122,1
Pr,59,123,1
Pr,59,124,1
Pr,59,125,1
Pr,59,126,1
Pr,59,127,1
Pr,59,128,1
Pr,59,129,1
Pr,59,130,1
Pr,59,131,1
Pr,59,132,1
Pr,59,133,1
Pr,59,134,1
Pr,59,135,1
Pr,59,136,1
Pr,59,137,1
Pr,59,138,1
Pr,59,139,1
Pr,59,140,1
Pr,59,141,1
Pr,59,142,1
Pr,59,143,1
Pr,59,144,1
Pr,59,145,1
Pr,59,146,1
Pr,59,147,1
Pr,59,148,1
Pr,59,149,1
Pr,59,150,1
Pr,59,151,1
Pr,59,152,1
Pr,59,153,1
Pr,59,154,1
Pr,59,155,1
Pr,59,156,1
Pr,59,157,1
Pr,59,158,1
Pr,59,159,1
Pr,59,160,1
Nd,60,124,1
Nd,60,125,1
Nd,60,126,1
Nd,60,127,1
Nd,60,128,1
Nd,60,129,1
Nd,60,130,1
Nd,60,131,1
Nd,60,132,1
Nd,60,133,1
Nd,60,134,1
Nd,60,135,1
Nd,60,136,1
Nd,60,137,1
Nd,60,138,1
Nd,60,139,1
Nd,60,140,1
Nd,60,141,1
Nd,60,142,1
Nd,60,143,1
Nd,60,144,1
Nd,60,145,1
Nd,60,146,1
Nd,60,147,1
Nd,60,148,1
Nd,60,149,1
Nd,60,150,1
Nd,60,151,1
Nd,60,152,1
Nd,60,153,1
Nd,60,154,1
Nd,60,155,1
Nd,60,156,1
Nd,60,157,1
Nd,60,158,1
Nd,60,159,1
Nd,60,160,1
Nd,60,161,1
Nd,60,162,1
Pm,61,126,1
Pm,61,127,1
Pm,61,128,1
Pm,61,129,1
Pm,61,130,1
Pm,61,131,1
Pm,61,132,1
Pm,61,133,1
Pm,61,134,1
Pm,61,135,1
Pm,61,136,1
Pm,61,137,1
Pm,61,138,1
Pm,61,139,1
Pm,61,140,1
Pm,61,141,1
Pm,61,142,1
Pm,61,143,1
Pm,61,144,1
Pm,61,145,1
Pm,61,146,1
Pm,61,147,1
Pm,61,148,1
Pm,61,149,1
Pm,61,150,1
Pm,61,151,1
Pm,61,152,1
Pm,61,153,1
Pm,61,154,1
Pm,61,155,1
Pm,61,156,1
Pm,61,157,1
Pm,61,158,1
Pm,61,159,1
Pm,61,160,1
Pm,61,161,1
Pm,61,162,1
Pm,61,163,1
Pm,61,164,1
Sm,62,128,1
Sm,62,129,1
Sm,62,130,1
Sm,62,131,1
Sm,62,132,1
Sm,62,133,1
Sm,62,134,1
Sm,62,135,1
Sm,62,136,1
Sm,62,137,1
Sm,62,138,1
Sm,62,139,1
Sm,62,140,1
Sm,62,141,1
Sm,62,142,1
Sm,62,143,1
Sm,62,144,1
Sm,62,145,1
Sm,62,146,1
Sm,62,147,1
Sm,62,148,1
Sm,62,149,1
Sm,62,150,1
Sm,62,151,1
Sm,62,152,1
Sm,62,153,1
Sm,62,154,1
Sm,62,155,1
Sm,62,156,1
Sm,62,157,1
Sm,62,158,1
Sm,62,159,1
Sm,62,160,1
Sm,62,161,1
Sm,62,162,1
Sm,62,163,1
Sm,62,164,1
Sm,62,165,1
Sm,62,166,1
Eu,63,130,1
Eu,63,131,1
Eu,63,132,1
Eu,63,133,1
Eu,63,134,1
Eu,63,135,1
Eu,63,136,1
Eu,63,137,1
Eu,63,138,1
Eu,63,139,1
Eu,63,140,1
Eu,63,141,1
Eu,63,142,1
Eu,63,143,1
Eu,63,144,1
Eu,63,145,1
Eu,63,146,1
Eu,63,147,1
Eu,63,148,1
Eu,63,149,1
Eu,63,150,1
Eu,63,151,1
Eu,63,152,1
Eu,63,153,1
Eu,63,154,1
Eu,63,155,1
Eu,63,156,1
Eu,63,157,1
Eu,63,158,1
Eu,63,159,1
Eu,63,160,1
Eu,63,161,1
Eu,63,162,1
Eu,63,163,1
Eu,63,164,1
Eu,63,165,1
Eu,63,166,1
Eu,63,167,1
Eu,63,168,1
Gd,64,133,1
Gd,64,134,1
Gd,64,135,1
Gd,64,136,1
Gd,64,137,1
Gd,64,138,1
Gd,64,139,1
Gd,64,140,1
Gd,64,141,1
Gd,64,142,1
Gd,64,143,1
Gd,64,144,1
Gd,64,145,1
Gd,64,146,1
Gd,64,147,1
Gd,64,148,1
Gd,64,149,1
Gd,64,150,1
Gd,64,151,1
Gd,64,152,1
Gd,64,153,1
Gd,64,154,1
Gd,64,155,1
Gd,64,156,1
Gd,64,157,1
Gd,64,158,1
Gd,64,159,1
Gd,64,160,1
Gd,64,161,1
Gd,64,162,1
Gd,64,163,1
Gd,64,164,1
Gd,64,165,1
Gd,64,166,1
Gd,64,167,1
Gd,64,168,1
Gd,64,169,1
Gd,64,170,1
Tb,65,135,1
Tb,65,136,1
Tb,65,137,1
Tb,65,138,1
Tb,65,139,1
Tb,65,140,1
Tb,65,141,1
Tb,65,142,1
Tb,65,143,1
Tb,65,144,1
Tb,65,145,1
Tb,65,146,1
Tb,65,147,1
Tb,65,148,1
Tb,65,149,1
Tb,65,150,1
Tb,65,151,1
Tb,65,152,1
Tb,65,153,1
Tb,65,154,1
Tb,65,155,1
Tb,65,156,1
Tb,65,157,1
Tb,65,158,1
Tb,65,159,1
Tb,65,160,1
Tb,65,161,1
Tb,65,162,1
Tb,65,163,1
Tb,65,164,1
Tb,65,165,1
Tb,65,166,1
Tb,65,167,1
Tb,65,168,1
Tb,65,169,1
Tb,65,170,1
Tb,65,171,1
Tb,65,172,1
Dy,66,138,1
Dy,66,139,1
Dy,66,140,1
Dy,66,141,1
Dy,66,142,1
Dy,66,143,1
Dy,66,144,1
Dy,66,145,1
Dy,66,146,1
Dy,66,147,1
Dy,66,148,1
Dy,66,149,1
Dy,66,150,1
Dy,66,151,1
Dy,66,152,1
Dy,66,153,1
Dy,66,154,1
Dy,66,155,1
Dy,66,156,1
Dy,66,157,1
Dy,66,158,1
Dy,66,159,1
Dy,66,160,1
Dy,66,161,1
Dy,66,162,1
Dy,66,163,1
Dy,66,164,1
Dy,66,165,1
Dy,66,166,1
Dy,66,167,1
Dy,66,168,1
Dy,66,169,1
Dy,66,170,1
Dy,66,171,1
Dy,66,172,1
Dy,66,173,1
Dy,66,174,1
Ho,67,140,1
Ho,67,141,1
Ho,67,142,1
Ho,67,143,1
Ho,67,144,1
Ho,67,145,1
Ho,67,146,1
Ho,67,147,1
Ho,67,148,1
Ho,67,149,1
Ho,67,150,1
Ho,67,151,1
Ho,67,152,1
Ho,67,153,1
Ho,67,154,1
Ho,67,155,1
Ho,67,156,1
Ho,67,157,1
Ho,67,158,1
Ho,67,159,1
Ho,67,160,1
Ho,67,161,1
Ho,67,162,1
Ho,67,163,1
Ho,67,164,1
Ho,67,165,1
Ho,67,166,1
Ho,67,167,1
Ho,67,168,1
Ho,67,169,1
Ho,67,170,1
Ho,67,171,1
Ho,67,172,1
Ho,67,173,1
Ho,67,174,1
Ho,67,175,1
Ho,67,176,1
Er,68,142,1
Er,68,143,1
Er,68,144,1
Er,68,145,1
Er,68,146,1
Er,68,147,1
Er,68,148,1
Er,68,149,1
Er,68,150,1
Er,68,151,1
Er,68,152,1
Er,68,153,1
Er,68,154,1
Er,68,155,1
Er,68,156,1
Er,68,157,1
Er,68,158,1
Er,68,159,1
Er,68,160,1
Er,68,161,1
Er,68,162,1
Er,68,163,1
Er,68,164,1
Er,68,165,1
Er,68,166,1
Er,68,167,1
Er,68,168,1
Er,68,169,1
Er,68,170,1
Er,68,171,1
Er,68,172,1
Er,68,173,1
Er,68,174,1
Er,68,175,1
Er,68,176,1
Er,68,177,1
Er,68,178,1
Tm,69,144,1
Tm,69,145,1
Tm,69,146,1
Tm,69,147,1
Tm,69,148,1
Tm,69,149,1
Tm,69,150,1
Tm,69,151,1
Tm,69,152,1
Tm,69,153,1
Tm,69,154,1
Tm,69,155,1
Tm,69,156,1
Tm,69,157,1
Tm,69,158,1
Tm,69,159,1
Tm,69,160,1
Tm,69,161,1
Tm,69,162,1
Tm,69,163,1
Tm,69,164,1
Tm,69,165,1
Tm,69,166,1
Tm,69,167,1
Tm,69,168,1
Tm,69,169,1
Tm,69,170,1
Tm,69,171,1
Tm,69,172,1
Tm,69,173,1
Tm,69,174,1
Tm,69,175,1
Tm,69,176,1
Tm,69,177,1
Tm,69,178,1
Tm,69,179,1
Tm,69,180,1
Tm,69,181,1
Yb,70,148,1
Yb,70,149,1
Yb,70,150,1
Yb,70,151,1
Yb,70,152,1
Yb,70,153,1
Yb,70,154,1
Yb,70,155,1
Yb,70,156,1
Yb,70,157,1
Yb,70,158,1
Yb,70,159,1
Yb,70,160,1
Yb,70,161,1
Yb,70,162,1
Yb,70,163,1
Yb,70,164,1
Yb,70,165,1
Yb,70,166,1
Yb,70,167,1
Yb,70,168,1
Yb,70,169,1
Yb,70,170,1
Yb,70,171,1
Yb,70,172,1
Yb,70,173,1
Yb,70,174,1
Yb,70,175,1
Yb,70,176,1
Yb,70,177,1
Yb,70,178,1
Yb,70,179,1
Yb,70,180,1
Yb,70,181,1
Yb,70,182,1
Yb,70,183,1
Yb,70,184,1
Yb,70,185,1
Lu,71,150,1
Lu,71,151,1
Lu,71,152,1
Lu,71,153,1
Lu,71,154,1
Lu,71,155,1
Lu,71,156,1
Lu,71,157,1
Lu,71,158,1
Lu,71,159,1
Lu,71,160,1
Lu,71,161,1
Lu,71,162,1
Lu,71,163,1
Lu,71,164,1
Lu,71,165,1
Lu,71,166,1
Lu,71,167,1
Lu,71,168,1
Lu,71,169,1
Lu,71,170,1
Lu,71,171,1
Lu,71,172,1
Lu,71,173,1
Lu,71,174,1
Lu,71,175,1
Lu,71,176,1
Lu,71,177,1
Lu,71,178,1
Lu,71,179,1
Lu,71,180,1
Lu,71,181,1
Lu,71,182,1
Lu,71,183,1
Lu,71,184,1
Lu,71,185,1
Lu,71,186,1
Lu,71,187,1
Lu,71,188,1
Hf,72,153,1
Hf,72,154,1
Hf,72,155,1
Hf,72,156,1
Hf,72,157,1
Hf,72,158,1
Hf,72,159,1
Hf,72,160,1
Hf,72,161,1
Hf,72,162,1
Hf,72,163,1
Hf,72,164,1
Hf,72,165,1
Hf,72,166,1
Hf,72,167,1
Hf,72,168,1
Hf,72,169,1
Hf,72,170,1
Hf,72,171,1
Hf,72,172,1
Hf,72,173,1
Hf,72,174,1
Hf,72,175,1
Hf,72,176,1
Hf,72,177,1
Hf,72,178,1
Hf,72,179,1
Hf,72,180,1
Hf,72,181,1
Hf,72,182,1
Hf,72,183,1
Hf,72,184,1
Hf,72,185,1
Hf,72,186,1
Hf,72,187,1
Hf,72,188,1
Hf,72,189,1
Hf,72,190,1
Ta,73,155,1
Ta,73,156,1
Ta,73,157,1
Ta,73,158,1
Ta,73,159,1
Ta,73,160,1
Ta,73,161,1
Ta,73,162,1
Ta,73,163,1
Ta,73,164,1
Ta,73,165,1
Ta,73,166,1
Ta,73,167,1
Ta,73,168,1
Ta,73,169,1
Ta,73,170,1
Ta,73,171,1
Ta,73,172,1
Ta,73,173,1
Ta,73,174,1
Ta,73,175,1
Ta,73,176,1
Ta,73,177,1
Ta,73,178,1
Ta,73,179,1
Ta,73,180,1
Ta,73,181,1
Ta,73,182,1
Ta,73,183,1
Ta,73,184,1
Ta,73,185,1
Ta,73,186,1
Ta,73,187,1
Ta,73,188,1
Ta,73,189,1
Ta,73,190,1
Ta,73,191,1
Ta,73,192,1
Ta,73,193,1
Ta,73,194,1
W,74,157,1
W,74,158,1
W,74,159,1
W,74,160,1
W,74,161,1
W,74,162,1
W,74,163,1
W,74,164,1
W,74,165,1
W,74,166,1
W,74,167,1
W,74,168,1
W,74,169,1
W,74,170,1
W,74,171,1
W,74,172,1
W,74,173,1
W,74,174,1
W,74,175,1
W,74,176,1
W,74,177,1
W,74,178,1
W,74,179,1
W,74,180,1
W,74,181,1
W,74,182,1
W,74,183,1
W,74,184,1
W,74,185,1
W,74,186,1
W,74,187,1
W,74,188,1
W,74,189,1
W,74,190,1
W,74,191,1
W,74,192,1
W,74,193,1
W,74,194,1
W,74,195,1
W,74,196,1
W,74,197,1
Re,75,159,1
Re,75,160,1
Re,75,161,1
Re,75,162,1
Re,75,163,1
Re,75,164,1
Re,75,165,1
Re,75,166,1
Re,75,167,1
Re,75,168,1
Re,75,169,1
Re,75,170,1
Re,75,171,1
Re,75,172,1
Re,75,173,1
Re,75,174,1
Re,75,175,1
Re,75,176,1
Re,75,177,1
Re,75,178,1
Re,75,179,1
Re,75,180,1
Re,75,181,1
Re,75,182,1
Re,75,183,1
Re,75,184,1
Re,75,185,1
Re,75,186,1
Re,75,187,1
Re,75,188,1
Re,75,189,1
Re,75,190,1
Re,75,191,1
Re,75,192,1
Re,75,193,1
Re,75,194,1
Re,75,195,1
Re,75,196,1
Re,75,197,1
Re,75,198,1
Re,75,199,1
Os,76,161,1
Os,76,162,1
Os,76,163,1
Os,76,164,1
Os,76,165,1
Os,76,166,1
Os,76,167,1
Os,76,168,1
Os,76,169,1
Os,76,170,1
Os,76,171,1
Os,76,172,1
Os,76,173,1
Os,76,174,1
Os,76,175,1
Os,76,176,1
Os,76,177,1
Os,76,178,1
Os,76,179,1
Os,76,180,1
Os,76,181,1
Os,76,182,1
Os,76,183,1
Os,76,184,1
Os,76,185,1
Os,76,186,1
Os,76,187,1
Os,76,188,1
Os,76,189,1
Os,76,190,1
Os,76,191,1
Os,76,192,1
Os,76,193,1
Os,76,194,1
Os,76,195,1
Os,76,196,1
Os,76,197,1
Os,76,198,1
Os,76,199,1
Os,76,200,1
Os,76,201,1
Os,76,202,1
Os,76,203,1
Ir,77,164,1
Ir,77,165,1
Ir,77,166,1
Ir,77,167,1
Ir,77,168,1
Ir,77,169,1
Ir,77,170,1
Ir,77,171,1
Ir,77,172,1
Ir,77,173,1
Ir,77,174,1
Ir,77,175,1
Ir,77,176,1
Ir,77,177,1
Ir,77,178,1
Ir,77,179,1
Ir,77,180,1
Ir,77,181,1
Ir,77,182,1
Ir,77,183,1
Ir,77,184,1
Ir,77,185,1
Ir,77,186,1
Ir,77,187,1
Ir,77,188,1
Ir,77,189,1
Ir,77,190,1
Ir,77,191,1
Ir,77,192,1
Ir,77,193,1
Ir,77,194,1
Ir,77,195,1
Ir,77,196,1
Ir,77,197,1
Ir,77,198,1
Ir,77,199,1
Ir,77,200,1
Ir,77,201,1
Ir,77,202,1
Ir,77,203,1
Ir,77,204,1
Ir,77,205,1
Pt,78,166,1
Pt,78,167,1
Pt,78,168,1
Pt,78,169,1
Pt,78,170,1
Pt,78,171,1
Pt,78,172,1
Pt,78,173,1
Pt,78,174,1
Pt,78,175,1
Pt,78,176,1
Pt,78,177,1
Pt,78,178,1
Pt,78,179,1
Pt,78,180,1
Pt,78,181,1
Pt,78,182,1
Pt,78,183,1
Pt,78,184,1
Pt,78,185,1
Pt,78,186,1
Pt,78,187,1
Pt,78,188,1
Pt,78,189,1
Pt,78,190,1
Pt,78,191,1
Pt,78,192,1
Pt,78,193,1
Pt,78,194,1
Pt,78,195,1
Pt,78,196,1
Pt,78,197,1
Pt,78,198,1
Pt,78,199,1
Pt,78,200,1
Pt,78,201,1
Pt,78,202,1
Pt,78,203,1
Pt,78,204,1
Pt,78,205,1
Pt,78,206,1
Pt,78,207,1
Pt,78,208,1
Au,79,169,1
Au,79,170,1
Au,79,171,1
Au,79,172,1
Au,79,173,1
Au,79,174,1
Au,79,175,1
Au,79,176,1
Au,79,177,1
Au,79,178,1
Au,79,179,1
Au,79,180,1
Au,79,181,1
Au,79,182,1
Au,79,183,1
Au,79,184,1
Au,79,185,1
Au,79,186,1
Au,79,187,1
Au,79,188,1
Au,79,189,1
Au,79,190,1
Au,79,191,1
Au,79,192,1
Au,79,193,1
Au,79,194,1
Au,79,195,1
Au,79,196,1
Au,79,197,1
Au,79,198,1
Au,79,199,1
Au,79,200,1
Au,79,201,1
Au,79,202,1
Au,79,203,1
Au,79,204,1
Au,79,205,1
Au,79,206,1
Au,79,207,1
Au,79,208,1
Au,79,209,1
Au,79,210,1
Hg,80,171,1
Hg,80,172,1
Hg,80,173,1
Hg,80,174,1
Hg,80,175,1
Hg,80,176,1
Hg,80,177,1
Hg,80,178,1
Hg,80,179,1
Hg,80,180,1
Hg,80,181,1
Hg,80,182,1
Hg,80,183,1
Hg,80,184,1
Hg,80,185,1
Hg,80,186,1
Hg,80,187,1
Hg,80,188,1
Hg,80,189,1
Hg,80,190,1
Hg,80,191,1
Hg,80,192,1
Hg,80,193,1
Hg,80,194,1
Hg,80,195,1
Hg,80,196,1
Hg,80,197,1
Hg,80,198,1
Hg,80,199,1
Hg,80,200,1
Hg,80,201,1
Hg,80,202,1
Hg,80,203,1
Hg,80,204,1
Hg,80,205,1
Hg,80,206,1
Hg,80,207,1
Hg,80,208,1
Hg,80,209,1
Hg,80,210,1
Hg,80,211,1
Hg,80,212,1
Hg,80,213,1
Hg,80,214,1
Hg,80,215,1
Hg,80,216,1
Tl,81,176,1
Tl,81,177,1
Tl,81,178,1
Tl,81,179,1
Tl,81,180,1
Tl,81,181,1
Tl,81,182,1
Tl,81,183,1
Tl,81,184,1
Tl,81,185,1
Tl,81,186,1
Tl,81,187,1
Tl,81,188,1
Tl,81,189,1
Tl,81,190,1
Tl,81,191,1
Tl,81,192,1
Tl,81,193,1
Tl,81,194,1
Tl,81,195,1
Tl,81,196,1
Tl,81,197,1
Tl,81,198,1
Tl,81,199,1
Tl,81,200,1
Tl,81,201,1
Tl,81,202,1
Tl,81,203,1
Tl,81,204,1
Tl,81,205,1
Tl,81,206,1
Tl,81,207,1
Tl,81,208,1
Tl,81,209,1
Tl,81,210,1
Tl,81,211,1
Tl,81,212,1
Tl,81,213,1
Tl,81,214,1
Tl,81,215,1
Tl,81,216,1
Tl,81,217,1
Tl,81,218,1
Pb,82,178,1
Pb,82,179,1
Pb,82,180,1
Pb,82,181,1
Pb,82,182,1
Pb,82,183,1
Pb,82,184,1
Pb,82,185,1
Pb,82,186,1
Pb,82,187,1
Pb,82,188,1
Pb,82,189,1
Pb,82,190,1
Pb,82,191,1
Pb,82,192,1
Pb,82,193,1
Pb,82,194,1
Pb,82,195,1
Pb,82,196,1
Pb,82,197,1
Pb,82,198,1
Pb,82,199,1
Pb,82,200,1
Pb,82,201,1
Pb,82,202,1
Pb,82,203,1
Pb,82,204,1
Pb,82,205,1
Pb,82,206,1
Pb,82,207,1
Pb,82,208,1
Pb,82,209,1
Pb,82,210,1
Pb,82,211,1
Pb,82,212,1
Pb,82,213,1
Pb,82,214,1
Pb,82,215,1
Pb,82,216,1
Pb,82,217,1
Pb,82,218,1
Pb,82,219,1
Pb,82,220,1
Bi,83,184,1
Bi,83,185,1
Bi,83,186,1
Bi,83,187,1
Bi,83,188,1
Bi,83,189,1
Bi,83,190,1
Bi,83,191,1
Bi,83,192,1
Bi,83,193,1
Bi,83,194,1
Bi,83,195,1
Bi,83,196,1
Bi,83,197,1
Bi,83,198,1
Bi,83,199,1
Bi,83,200,1
Bi,83,201,1
Bi,83,202,1
Bi,83,203,1
Bi,83,204,1
Bi,83,205,1
Bi,83,206,1
Bi,83,207,1
Bi,83,208,1
Bi,83,209,1
Bi,83,210,1
Bi,83,211,1
Bi,83,212,1
Bi,83,213,1
Bi,83,214,1
Bi,83,215,1
Bi,83,216,1
Bi,83,217,1
Bi,83,218,1
Bi,83,219,1
Bi,83,220,1
Bi,83,221,1
Bi,83,222,1
Bi,83,223,1
Bi,83,224,1
Po,84,186,1
Po,84,187,1
Po,84,188,1
Po,84,189,1
Po,84,190,1
Po,84,191,1
Po,84,192,1
Po,84,193,1
Po,84,194,1
Po,84,195,1
Po,84,196,1
Po,84,197,1
Po,84,198,1
Po,84,199,1
Po,84,200,1
Po,84,201,1
Po,84,202,1
Po,84,203,1
Po,84,204,1
Po,84,205,1
Po,84,206,1
Po,84,207,1
Po,84,208,1
Po,84,209,1
Po,84,210,1
Po,84,211,1
Po,84,212,1
Po,84,213,1
Po,84,214,1
Po,84,215,1
Po,84,216,1
Po,84,217,1
Po,84,218,1
Po,84,219,1
Po,84,220,1
Po,84,221,1
Po,84,222,1
Po,84,223,1
Po,84,224,1
Po,84,225,1
Po,84,226,1
Po,84,227,1
At,85,191,1
At,85,192,1
At,85,193,1
At,85,194,1
At,85,195,1
At,85,196,1
At,85,197,1
At,85,198,1
At,85,199,1
At,85,200,1
At,85,201,1
At,85,202,1
At,85,203,1
At,85,204,1
At,85,205,1
At,85,206,1
At,85,207,1
At,85,208,1
At,85,209,1
At,85,210,1
At,85,211,1
At,85,212,1
At,85,213,1
At,85,214,1
At,85,215,1
At,85,216,1
At,85,217,1
At,85,218,1
At,85,219,1
At,85,220,1
At,85,221,1
At,85,222,1
At,85,223,1
At,85,224,1
At,85,225,1
At,85,226,1
At,85,227,1
At,85,228,1
At,85,229,1
Rn,86,193,1
Rn,86,194,1
Rn,86,195,1
Rn,86,196,1
Rn,86,197,1
Rn,86,198,1
Rn,86,199,1
Rn,86,200,1
Rn,86,201,1
Rn,86,202,1
Rn,86,203,1
Rn,86,204,1
Rn,86,205,1
Rn,86,206,1
Rn,86,207,1
Rn,86,208,1
Rn,86,209,1
Rn,86,210,1
Rn,86,211,1
Rn,86,212,1
Rn,86,213,1
Rn,86,214,1
Rn,86,215,1
Rn,86,216,1
Rn,86,217,1
Rn,86,218,1
Rn,86,219,1
Rn,86,220,1
Rn,86,221,1
Rn,86,222,1
Rn,86,223,1
Rn,86,224,1
Rn,86,225,1
Rn,86,226,1
Rn,86,227,1
Rn,86,228,1
Rn,86,229,1
Rn,86,230,1
Rn,86,231,1
Fr,87,197,1
Fr,87,198,1
Fr,87,199,1
Fr,87,200,1
Fr,87,201,1
Fr,87,202,1
Fr,87,203,1
Fr,87,204,1
Fr,87,205,1
Fr,87,206,1
Fr,87,207,1
Fr,87,208,1
Fr,87,209,1
Fr,87,210,1
Fr,87,211,1
Fr,87,212,1
Fr,87,213,1
Fr,87,214,1
Fr,87,215,1
Fr,87,216,1
Fr,87,217,1
Fr,87,218,1
Fr,87,219,1
Fr,87,220,1
Fr,87,221,1
Fr,87,222,1
Fr,87,223,1
Fr,87,224,1
Fr,87,225,1
Fr,87,226,1
Fr,87,227,1
Fr,87,228,1
Fr,87,229,1
Fr,87,230,1
Fr,87,231,1
Fr,87,232,1
Fr,87,233,1
Ra,88,201,1
Ra,88,202,1
Ra,88,203,1
Ra,88,204,1
Ra,88,205,1
Ra,88,206,1
Ra,88,207,1
Ra,88,208,1
Ra,88,209,1
Ra,88,210,1
Ra,88,211,1
Ra,88,212,1
Ra,88,213,1
Ra,88,214,1
Ra,88,215,1
Ra,88,216,1
Ra,88,217,1
Ra,88,218,1
Ra,88,219,1
Ra,88,220,1
Ra,88,221,1
Ra,88,222,1
Ra,88,223,1
Ra,88,224,1
Ra,88,225,1
Ra,88,226,1
Ra,88,227,1
Ra,88,228,1
Ra,88,229,1
Ra,88,230,1
Ra,88,231,1
Ra,88,232,1
Ra,88,233,1
Ra,88,234,1
Ra,88,235,1
Ac,89,205,1
Ac,89,206,1
Ac,89,207,1
Ac,89,208,1
Ac,89,209,1
Ac,89,210,1
Ac,89,211,1
Ac,89,212,1
Ac,89,213,1
Ac,89,214,1
Ac,89,215,1
Ac,89,216,1
Ac,89,217,1
Ac,89,218,1
Ac,89,219,1
Ac,89,220,1
Ac,89,221,1
Ac,89,222,1
Ac,89,223,1
Ac,89,224,1
Ac,89,225,1
Ac,89,226,1
Ac,89,227,1
Ac,89,228,1
Ac,89,229,1
Ac,89,230,1
Ac,89,231,1
Ac,89,232,1
Ac,89,233,1
Ac,89,234,1
Ac,89,235,1
Ac,89,236,1
Ac,89,237,1
Th,90,208,1
Th,90,209,1
Th,90,210,1
Th,90,211,1
Th,90,212,1
Th,90,213,1
Th,90,214,1
Th,90,215,1
Th,90,216,1
Th,90,217,1
Th,90,218,1
Th,90,219,1
Th,90,220,1
Th,90,221,1
Th,90,222,1
Th,90,223,1
Th,90,224,1
Th,90,225,1
Th,90,226,1
Th,90,227,1
Th,90,228,1
Th,90,229,1
Th,90,230,1
Th,90,231,1
Th,90,232,1
Th,90,233,1
Th,90,234,1
Th,90,235,1
Th,90,236,1
Th,90,237,1
Th,90,238,1
Th,90,239,1
Pa,91,211,1
Pa,91,212,1
Pa,91,213,1
Pa,91,214,1
Pa,91,215,1
Pa,91,216,1
Pa,91,217,1
Pa,91,218,1
Pa,91,219,1
Pa,91,220,1
Pa,91,221,1
Pa,91,222,1
Pa,91,223,1
Pa,91,224,1
Pa,91,225,1
Pa,91,226,1
Pa,91,227,1
Pa,91,228,1
Pa,91,229,1
Pa,91,230,1
Pa,91,231,1
Pa,91,232,1
Pa,91,233,1
Pa,91,234,1
Pa,91,235,1
Pa,91,236,1
Pa,91,237,1
Pa,91,238,1
Pa,91,239,1
Pa,91,240,1
Pa,91,241,1
U,92,215,1
U,92,216,1
U,92,217,1
U,92,218,1
U,92,219,1
U,92,220,1
U,92,221,1
U,92,222,1
U,92,223,1
U,92,224,1
U,92,225,1
U,92,226,1
U,92,227,1
U,92,228,1
U,92,229,1
U,92,230,1
U,92,231,1
U,92,232,1
U,92,233,1
U,92,234,1
U,92,235,1
U,92,236,1
U,92,237,1
U,92,238,1
U,92,239,1
U,92,240,1
U,92,241,1
U,92,242,1
U,92,243,1
Np,93,219,1
Np,93,220,1
Np,93,221,1
Np,93,222,1
Np,93,223,1
Np,93,224,1
Np,93,225,1
Np,93,226,1
Np,93,227,1
Np,93,228,1
Np,93,229,1
Np,93,230,1
Np,93,231,1
Np,93,232,1
Np,93,233,1
Np,93,234,1
Np,93,235,1
Np,93,236,1
Np,93,237,1
Np,93,238,1
Np,93,239,1
Np,93,240,1
Np,93,241,1
Np,93,242,1
Np,93,243,1
Np,93,244,1
Np,93,245,1
Pu,94,227,1
Pu,94,228,1
Pu,94,229,1
Pu,94,230,1
Pu,94,231,1
Pu,94,232,1
Pu,94,233,1
Pu,94,234,1
Pu,94,235,1
Pu,94,236,1
Pu,94,237,1
Pu,94,238,1
Pu,94,239,1
Pu,94,240,1
Pu,94,241,1
Pu,94,242,1
Pu,94,243,1
Pu,94,244,1
Pu,94,245,1
Pu,94,246,1
Pu,94,247,1
Am,95,229,1
Am,95,230,1
Am,95,231,1
Am,95,232,1
Am,95,233,1
Am,95,234,1
Am,95,235,1
Am,95,236,1
Am,95,237,1
Am,95,238,1
Am,95,239,1
Am,95,240,1
Am,95,241,1
Am,95,242,1
Am,95,243,1
Am,95,244,1
Am,95,245,1
Am,95,246,1
Am,95,247,1
Am,95,248,1
Am,95,249,1
Cm,96,231,1
Cm,96,232,1
Cm,96,233,1
Cm,96,234,1
Cm,96,235,1
Cm,96,236,1
Cm,96,237,1
Cm,96,238,1
Cm,96,239,1
Cm,96,240,1
Cm,96,241,1
Cm,96,242,1
Cm,96,243,1
Cm,96,244,1
Cm,96,245,1
Cm,96,246,1
Cm,96,247,1
Cm,96,248,1
Cm,96,249,1
Cm,96,250,1
Cm,96,251,1
Cm,96,252,1
Bk,97,233,1
Bk,97,234,1
Bk,97,235,1
Bk,97,236,1
Bk,97,237,1
Bk,97,238,1
Bk,97,239,1
Bk,97,240,1
Bk,97,241,1
Bk,97,242,1
Bk,97,243,1
Bk,97,244,1
Bk,97,245,1
Bk,97,246,1
Bk,97,247,1
Bk,97,248,1
Bk,97,249,1
Bk,97,250,1
Bk,97,251,1
Bk,97,252,1
Bk,97,253,1
Bk,97,254,1
Cf,98,237,1
Cf,98,238,1
Cf,98,239,1
Cf,98,240,1
Cf,98,241,1
Cf,98,242,1
Cf,98,243,1
Cf,98,244,1
Cf,98,245,1
Cf,98,246,1
Cf,98,247,1
Cf,98,248,1
Cf,98,249,1
Cf,98,250,1
Cf,98,251,1
Cf,98,252,1
Cf,98,253,1
Cf,98,254,1
Cf,98,255,1
Cf,98,256,1
Es,99,239,1
Es,99,240,1
Es,99,241,1
Es,99,242,1
Es,99,243,1
Es,99,244,1
Es,99,245,1
Es,99,246,1
Es,99,247,1
Es,99,248,1
Es,99,249,1
Es,99,250,1
Es,99,251,1
Es,99,252,1
Es,99,253,1
Es,99,254,1
Es,99,255,1
Es,99,256,1
Es,99,257,1
Es,99,258,1
Fm,100,241,1
Fm,100,242,1
Fm,100,243,1
Fm,100,244,1
Fm,100,245,1
Fm,100,246,1
Fm,100,247,1
Fm,100,248,1
Fm,100,249,1
Fm,100,250,1
Fm,100,251,1
Fm,100,252,1
Fm,100,253,1
Fm,100,254,1
Fm,100,255,1
Fm,100,256,1
Fm,100,257,1
Fm,100,258,1
Fm,100,259,1
Fm,100,260,1
Md,101,245,1
Md,101,246,1
Md,101,247,1
Md,101,248,1
Md,101,249,1
Md,101,250,1
Md,101,251,1
Md,101,252,1
Md,101,253,1
Md,101,254,1
Md,101,255,1
Md,101,256,1
Md,101,257,1
Md,101,258,1
Md,101,259,1
Md,101,260,1
Md,101,261,1
Md,101,262,1
No,102,248,1
No,102,249,1
No,102,250,1
No,102,251,1
No,102,252,1
No,102,253,1
No,102,254,1
No,102,255,1
No,102,256,1
No,102,257,1
No,102,258,1
No,102,259,1
No,102,260,1
No,102,261,1
No,102,262,1
No,102,263,1
No,102,264,1
Lr,103,251,1
Lr,103,252,1
Lr,103,253,1
Lr,103,254,1
Lr,103,255,1
Lr,103,256,1
Lr,103,257,1
Lr,103,258,1
Lr,103,259,1
Lr,103,260,1
Lr,103,261,1
Lr,103,262,1
Lr,103,263,1
Lr,103,264,1
Lr,103,265,1
Lr,103,266,1
Rf,104,253,1
Rf,104,254,1
Rf,104,255,1
Rf,104,256,1
Rf,104,257,1
Rf,104,258,1
Rf,104,259,1
Rf,104,260,1
Rf,104,261,1
Rf,104,262,1
Rf,104,263,1
Rf,104,264,1
Rf,104,265,1
Rf,104,266,1
Rf,104,267,1
Rf,104,268,1
Db,105,255,1
Db,105,256,1
Db,105,257,1
Db,105,258,1
Db,105,259,1
Db,105,260,1
Db,105,261,1
Db,105,262,1
Db,105,263,1
Db,105,264,1
Db,105,265,1
Db,105,266,1
Db,105,267,1
Db,105,268,1
Db,105,269,1
Db,105,270,1
Sg,106,258,1
Sg,106,259,1
Sg,106,260,1
Sg,106,261,1
Sg,106,262,1
Sg,106,263,1
Sg,106,264,1
Sg,106,265,1
Sg,106,266,1
Sg,106,267,1
Sg,106,268,1
Sg,106,269,1
Sg,106,270,1
Sg,106,271,1
Sg,106,272,1
Sg,106,273,1
Bh,107,260,1
Bh,107,261,1
Bh,107,262,1
Bh,107,263,1
Bh,107,264,1
Bh,107,265,1
Bh,107,266,1
Bh,107,267,1
Bh,107,268,1
Bh,107,269,1
Bh,107,270,1
Bh,107,271,1
Bh,107,272,1
Bh,107,273,1
Bh,107,274,1
Bh,107,275,1
Hs,108,263,1
Hs,108,264,1
Hs,108,265,1
Hs,108,266,1
Hs,108,267,1
Hs,108,268,1
Hs,108,269,1
Hs,108,270,1
Hs,108,271,1
Hs,108,272,1
Hs,108,273,1
Hs,108,274,1
Hs,108,275,1
Hs,108,276,1
Hs,108,277,1
Mt,109,265,1
Mt,109,266,1
Mt,109,267,1
Mt,109,268,1
Mt,109,269,1
Mt,109,270,1
Mt,109,271,1
Mt,109,272,1
Mt,109,273,1
Mt,109,274,1
Mt,109,275,1
Mt,109,276,1
Mt,109,277,1
Mt,109,278,1
Mt,109,279,1
Ds,110,267,1
Ds,110,268,1
Ds,110,269,1
Ds,110,270,1
Ds,110,271,1
Ds,110,272,1
Ds,110,273,1
Ds,110,274,1
Ds,110,275,1
Ds,110,276,1
Ds,110,277,1
Ds,110,278,1
Ds,110,279,1
Ds,110,280,1
Ds,110,281,1
Rg,111,272,1
Rg,111,273,1
Rg,111,274,1
Rg,111,275,1
Rg,111,276,1
Rg,111,277,1
Rg,111,278,1
Rg,111,279,1
Rg,111,280,1
Rg,111,281,1
Rg,111,282,1
Rg,111,283,1
Cn,112,276,1
Cn,112,277,1
Cn,112,278,1
Cn,112,279,1
Cn,112,280,1
Cn,112,281,1
Cn,112,282,1
Cn,112,283,1
Cn,112,284,1
Cn,112,285,1
Fl,114,284,1
Fl,114,285,1
Fl,114,286,1
Fl,114,287,1
Fl,114,288,1
Fl,114,289,1
Lv,116,289,1
Lv,116,290,1
Lv,116,291,1
Lv,116,292,1
Lv,116,293,1
